FoamFile
{
    version     2.0;
    format      ascii;
    class       volVectorField;
    object      U;
}

dimensions      [0 1 -1 0 0 0 0];

internalField   uniform (0 0 0);

boundaryField
{
    inlet
    {
        // Mitral valve — area-corrected pulsatile profile
        // Real MV area = 2.8 cm², mesh inlet face ~ 8.23 cm²
        // Velocity scaled by 0.340 to preserve flow rate
        // Peak E-wave: 0.272 m/s (real: 0.8 m/s)
        // Flow in -y direction (from valve plane toward apex)
        type            uniformFixedValue;
        uniformValue    table
        (
(0.0000 (0 -0.036835 0))
            (0.0050 (0 -0.044766 0))
            (0.0100 (0 -0.053863 0))
            (0.0150 (0 -0.064164 0))
            (0.0200 (0 -0.075675 0))
            (0.0250 (0 -0.088362 0))
            (0.0300 (0 -0.102150 0))
            (0.0350 (0 -0.116915 0))
            (0.0400 (0 -0.132482 0))
            (0.0450 (0 -0.148628 0))
            (0.0500 (0 -0.165082 0))
            (0.0550 (0 -0.181534 0))
            (0.0600 (0 -0.197640 0))
            (0.0650 (0 -0.213033 0))
            (0.0700 (0 -0.227340 0))
            (0.0750 (0 -0.240194 0))
            (0.0800 (0 -0.251249 0))
            (0.0850 (0 -0.260199 0))
            (0.0900 (0 -0.266786 0))
            (0.0950 (0 -0.270817 0))
            (0.1000 (0 -0.272175 0))
            (0.1050 (0 -0.270817 0))
            (0.1100 (0 -0.266786 0))
            (0.1150 (0 -0.260199 0))
            (0.1200 (0 -0.251249 0))
            (0.1250 (0 -0.240194 0))
            (0.1300 (0 -0.227340 0))
            (0.1350 (0 -0.213033 0))
            (0.1400 (0 -0.197640 0))
            (0.1450 (0 -0.181534 0))
            (0.1500 (0 -0.165082 0))
            (0.1550 (0 -0.148628 0))
            (0.1600 (0 -0.132482 0))
            (0.1650 (0 -0.116915 0))
            (0.1700 (0 -0.102150 0))
            (0.1750 (0 -0.088362 0))
            (0.1800 (0 -0.075675 0))
            (0.1850 (0 -0.064164 0))
            (0.1900 (0 -0.053863 0))
            (0.1950 (0 -0.044766 0))
            (0.2000 (0 -0.017011 0))
            (0.2050 (0 -0.017011 0))
            (0.2100 (0 -0.017011 0))
            (0.2150 (0 -0.017011 0))
            (0.2200 (0 -0.017011 0))
            (0.2250 (0 -0.017011 0))
            (0.2300 (0 -0.017011 0))
            (0.2350 (0 -0.017011 0))
            (0.2400 (0 -0.017011 0))
            (0.2450 (0 -0.017011 0))
            (0.2500 (0 -0.017011 0))
            (0.2550 (0 -0.017011 0))
            (0.2600 (0 -0.017011 0))
            (0.2650 (0 -0.017011 0))
            (0.2700 (0 -0.017011 0))
            (0.2750 (0 -0.017011 0))
            (0.2800 (0 -0.017011 0))
            (0.2850 (0 -0.017011 0))
            (0.2900 (0 -0.017011 0))
            (0.2950 (0 -0.017011 0))
            (0.3000 (0 -0.023464 0))
            (0.3050 (0 -0.029431 0))
            (0.3100 (0 -0.036342 0))
            (0.3150 (0 -0.044181 0))
            (0.3200 (0 -0.052878 0))
            (0.3250 (0 -0.062305 0))
            (0.3300 (0 -0.072276 0))
            (0.3350 (0 -0.082541 0))
            (0.3400 (0 -0.092804 0))
            (0.3450 (0 -0.102724 0))
            (0.3500 (0 -0.111943 0))
            (0.3550 (0 -0.120097 0))
            (0.3600 (0 -0.126847 0))
            (0.3650 (0 -0.131901 0))
            (0.3700 (0 -0.135028 0))
            (0.3750 (0 -0.136087 0))
            (0.3800 (0 -0.135028 0))
            (0.3850 (0 -0.131901 0))
            (0.3900 (0 -0.126847 0))
            (0.3950 (0 -0.120097 0))
            (0.4000 (0 -0.111943 0))
            (0.4050 (0 -0.102724 0))
            (0.4100 (0 -0.092804 0))
            (0.4150 (0 -0.082541 0))
            (0.4200 (0 -0.072276 0))
            (0.4250 (0 -0.062305 0))
            (0.4300 (0 -0.052878 0))
            (0.4350 (0 -0.044181 0))
            (0.4400 (0 -0.036342 0))
            (0.4450 (0 -0.029431 0))
            (0.4500 (0 -0.000000 0))
            (0.4550 (0 -0.000000 0))
            (0.4600 (0 -0.000000 0))
            (0.4650 (0 -0.000000 0))
            (0.4700 (0 -0.000000 0))
            (0.4750 (0 -0.000000 0))
            (0.4800 (0 -0.000000 0))
            (0.4850 (0 -0.000000 0))
            (0.4900 (0 -0.000000 0))
            (0.4950 (0 -0.000000 0))
            (0.5000 (0 -0.000000 0))
            (0.5050 (0 -0.000000 0))
            (0.5100 (0 -0.000000 0))
            (0.5150 (0 -0.000000 0))
            (0.5200 (0 -0.000000 0))
            (0.5250 (0 -0.000000 0))
            (0.5300 (0 -0.000000 0))
            (0.5350 (0 -0.000000 0))
            (0.5400 (0 -0.000000 0))
            (0.5450 (0 -0.000000 0))
            (0.5500 (0 -0.000000 0))
            (0.5550 (0 -0.000000 0))
            (0.5600 (0 -0.000000 0))
            (0.5650 (0 -0.000000 0))
            (0.5700 (0 -0.000000 0))
            (0.5750 (0 -0.000000 0))
            (0.5800 (0 -0.000000 0))
            (0.5850 (0 -0.000000 0))
            (0.5900 (0 -0.000000 0))
            (0.5950 (0 -0.000000 0))
            (0.6000 (0 -0.000000 0))
            (0.6050 (0 -0.000000 0))
            (0.6100 (0 -0.000000 0))
            (0.6150 (0 -0.000000 0))
            (0.6200 (0 -0.000000 0))
            (0.6250 (0 -0.000000 0))
            (0.6300 (0 -0.000000 0))
            (0.6350 (0 -0.000000 0))
            (0.6400 (0 -0.000000 0))
            (0.6450 (0 -0.000000 0))
            (0.6500 (0 -0.000000 0))
            (0.6550 (0 -0.000000 0))
            (0.6600 (0 -0.000000 0))
            (0.6650 (0 -0.000000 0))
            (0.6700 (0 -0.000000 0))
            (0.6750 (0 -0.000000 0))
            (0.6800 (0 -0.000000 0))
            (0.6850 (0 -0.000000 0))
            (0.6900 (0 -0.000000 0))
            (0.6950 (0 -0.000000 0))
            (0.7000 (0 -0.000000 0))
            (0.7050 (0 -0.000000 0))
            (0.7100 (0 -0.000000 0))
            (0.7150 (0 -0.000000 0))
            (0.7200 (0 -0.000000 0))
            (0.7250 (0 -0.000000 0))
            (0.7300 (0 -0.000000 0))
            (0.7350 (0 -0.000000 0))
            (0.7400 (0 -0.000000 0))
            (0.7450 (0 -0.000000 0))
            (0.7500 (0 -0.000000 0))
            (0.7550 (0 -0.000000 0))
            (0.7600 (0 -0.000000 0))
            (0.7650 (0 -0.000000 0))
            (0.7700 (0 -0.000000 0))
            (0.7750 (0 -0.000000 0))
            (0.7800 (0 -0.000000 0))
            (0.7850 (0 -0.000000 0))
            (0.7900 (0 -0.000000 0))
            (0.7950 (0 -0.000000 0))
            (0.8000 (0 -0.036835 0))
            (0.8050 (0 -0.044766 0))
            (0.8100 (0 -0.053863 0))
            (0.8150 (0 -0.064164 0))
            (0.8200 (0 -0.075675 0))
            (0.8250 (0 -0.088362 0))
            (0.8300 (0 -0.102150 0))
            (0.8350 (0 -0.116915 0))
            (0.8400 (0 -0.132482 0))
            (0.8450 (0 -0.148628 0))
            (0.8500 (0 -0.165082 0))
            (0.8550 (0 -0.181534 0))
            (0.8600 (0 -0.197640 0))
            (0.8650 (0 -0.213033 0))
            (0.8700 (0 -0.227340 0))
            (0.8750 (0 -0.240194 0))
            (0.8800 (0 -0.251249 0))
            (0.8850 (0 -0.260199 0))
            (0.8900 (0 -0.266786 0))
            (0.8950 (0 -0.270817 0))
            (0.9000 (0 -0.272175 0))
            (0.9050 (0 -0.270817 0))
            (0.9100 (0 -0.266786 0))
            (0.9150 (0 -0.260199 0))
            (0.9200 (0 -0.251249 0))
            (0.9250 (0 -0.240194 0))
            (0.9300 (0 -0.227340 0))
            (0.9350 (0 -0.213033 0))
            (0.9400 (0 -0.197640 0))
            (0.9450 (0 -0.181534 0))
            (0.9500 (0 -0.165082 0))
            (0.9550 (0 -0.148628 0))
            (0.9600 (0 -0.132482 0))
            (0.9650 (0 -0.116915 0))
            (0.9700 (0 -0.102150 0))
            (0.9750 (0 -0.088362 0))
            (0.9800 (0 -0.075675 0))
            (0.9850 (0 -0.064164 0))
            (0.9900 (0 -0.053863 0))
            (0.9950 (0 -0.044766 0))
            (1.0000 (0 -0.036835 0))
            (1.0050 (0 -0.017011 0))
            (1.0100 (0 -0.017011 0))
            (1.0150 (0 -0.017011 0))
            (1.0200 (0 -0.017011 0))
            (1.0250 (0 -0.017011 0))
            (1.0300 (0 -0.017011 0))
            (1.0350 (0 -0.017011 0))
            (1.0400 (0 -0.017011 0))
            (1.0450 (0 -0.017011 0))
            (1.0500 (0 -0.017011 0))
            (1.0550 (0 -0.017011 0))
            (1.0600 (0 -0.017011 0))
            (1.0650 (0 -0.017011 0))
            (1.0700 (0 -0.017011 0))
            (1.0750 (0 -0.017011 0))
            (1.0800 (0 -0.017011 0))
            (1.0850 (0 -0.017011 0))
            (1.0900 (0 -0.017011 0))
            (1.0950 (0 -0.017011 0))
            (1.1000 (0 -0.023464 0))
            (1.1050 (0 -0.029431 0))
            (1.1100 (0 -0.036342 0))
            (1.1150 (0 -0.044181 0))
            (1.1200 (0 -0.052878 0))
            (1.1250 (0 -0.062305 0))
            (1.1300 (0 -0.072276 0))
            (1.1350 (0 -0.082541 0))
            (1.1400 (0 -0.092804 0))
            (1.1450 (0 -0.102724 0))
            (1.1500 (0 -0.111943 0))
            (1.1550 (0 -0.120097 0))
            (1.1600 (0 -0.126847 0))
            (1.1650 (0 -0.131901 0))
            (1.1700 (0 -0.135028 0))
            (1.1750 (0 -0.136087 0))
            (1.1800 (0 -0.135028 0))
            (1.1850 (0 -0.131901 0))
            (1.1900 (0 -0.126847 0))
            (1.1950 (0 -0.120097 0))
            (1.2000 (0 -0.111943 0))
            (1.2050 (0 -0.102724 0))
            (1.2100 (0 -0.092804 0))
            (1.2150 (0 -0.082541 0))
            (1.2200 (0 -0.072276 0))
            (1.2250 (0 -0.062305 0))
            (1.2300 (0 -0.052878 0))
            (1.2350 (0 -0.044181 0))
            (1.2400 (0 -0.036342 0))
            (1.2450 (0 -0.029431 0))
            (1.2500 (0 -0.023464 0))
            (1.2550 (0 -0.000000 0))
            (1.2600 (0 -0.000000 0))
            (1.2650 (0 -0.000000 0))
            (1.2700 (0 -0.000000 0))
            (1.2750 (0 -0.000000 0))
            (1.2800 (0 -0.000000 0))
            (1.2850 (0 -0.000000 0))
            (1.2900 (0 -0.000000 0))
            (1.2950 (0 -0.000000 0))
            (1.3000 (0 -0.000000 0))
            (1.3050 (0 -0.000000 0))
            (1.3100 (0 -0.000000 0))
            (1.3150 (0 -0.000000 0))
            (1.3200 (0 -0.000000 0))
            (1.3250 (0 -0.000000 0))
            (1.3300 (0 -0.000000 0))
            (1.3350 (0 -0.000000 0))
            (1.3400 (0 -0.000000 0))
            (1.3450 (0 -0.000000 0))
            (1.3500 (0 -0.000000 0))
            (1.3550 (0 -0.000000 0))
            (1.3600 (0 -0.000000 0))
            (1.3650 (0 -0.000000 0))
            (1.3700 (0 -0.000000 0))
            (1.3750 (0 -0.000000 0))
            (1.3800 (0 -0.000000 0))
            (1.3850 (0 -0.000000 0))
            (1.3900 (0 -0.000000 0))
            (1.3950 (0 -0.000000 0))
            (1.4000 (0 -0.000000 0))
            (1.4050 (0 -0.000000 0))
            (1.4100 (0 -0.000000 0))
            (1.4150 (0 -0.000000 0))
            (1.4200 (0 -0.000000 0))
            (1.4250 (0 -0.000000 0))
            (1.4300 (0 -0.000000 0))
            (1.4350 (0 -0.000000 0))
            (1.4400 (0 -0.000000 0))
            (1.4450 (0 -0.000000 0))
            (1.4500 (0 -0.000000 0))
            (1.4550 (0 -0.000000 0))
            (1.4600 (0 -0.000000 0))
            (1.4650 (0 -0.000000 0))
            (1.4700 (0 -0.000000 0))
            (1.4750 (0 -0.000000 0))
            (1.4800 (0 -0.000000 0))
            (1.4850 (0 -0.000000 0))
            (1.4900 (0 -0.000000 0))
            (1.4950 (0 -0.000000 0))
            (1.5000 (0 -0.000000 0))
            (1.5050 (0 -0.000000 0))
            (1.5100 (0 -0.000000 0))
            (1.5150 (0 -0.000000 0))
            (1.5200 (0 -0.000000 0))
            (1.5250 (0 -0.000000 0))
            (1.5300 (0 -0.000000 0))
            (1.5350 (0 -0.000000 0))
            (1.5400 (0 -0.000000 0))
            (1.5450 (0 -0.000000 0))
            (1.5500 (0 -0.000000 0))
            (1.5550 (0 -0.000000 0))
            (1.5600 (0 -0.000000 0))
            (1.5650 (0 -0.000000 0))
            (1.5700 (0 -0.000000 0))
            (1.5750 (0 -0.000000 0))
            (1.5800 (0 -0.000000 0))
            (1.5850 (0 -0.000000 0))
            (1.5900 (0 -0.000000 0))
            (1.5950 (0 -0.000000 0))
            (1.6000 (0 -0.036835 0))
            (1.6050 (0 -0.044766 0))
            (1.6100 (0 -0.053863 0))
            (1.6150 (0 -0.064164 0))
            (1.6200 (0 -0.075675 0))
            (1.6250 (0 -0.088362 0))
            (1.6300 (0 -0.102150 0))
            (1.6350 (0 -0.116915 0))
            (1.6400 (0 -0.132482 0))
            (1.6450 (0 -0.148628 0))
            (1.6500 (0 -0.165082 0))
            (1.6550 (0 -0.181534 0))
            (1.6600 (0 -0.197640 0))
            (1.6650 (0 -0.213033 0))
            (1.6700 (0 -0.227340 0))
            (1.6750 (0 -0.240194 0))
            (1.6800 (0 -0.251249 0))
            (1.6850 (0 -0.260199 0))
            (1.6900 (0 -0.266786 0))
            (1.6950 (0 -0.270817 0))
            (1.7000 (0 -0.272175 0))
            (1.7050 (0 -0.270817 0))
            (1.7100 (0 -0.266786 0))
            (1.7150 (0 -0.260199 0))
            (1.7200 (0 -0.251249 0))
            (1.7250 (0 -0.240194 0))
            (1.7300 (0 -0.227340 0))
            (1.7350 (0 -0.213033 0))
            (1.7400 (0 -0.197640 0))
            (1.7450 (0 -0.181534 0))
            (1.7500 (0 -0.165082 0))
            (1.7550 (0 -0.148628 0))
            (1.7600 (0 -0.132482 0))
            (1.7650 (0 -0.116915 0))
            (1.7700 (0 -0.102150 0))
            (1.7750 (0 -0.088362 0))
            (1.7800 (0 -0.075675 0))
            (1.7850 (0 -0.064164 0))
            (1.7900 (0 -0.053863 0))
            (1.7950 (0 -0.044766 0))
            (1.8000 (0 -0.036835 0))
            (1.8050 (0 -0.017011 0))
            (1.8100 (0 -0.017011 0))
            (1.8150 (0 -0.017011 0))
            (1.8200 (0 -0.017011 0))
            (1.8250 (0 -0.017011 0))
            (1.8300 (0 -0.017011 0))
            (1.8350 (0 -0.017011 0))
            (1.8400 (0 -0.017011 0))
            (1.8450 (0 -0.017011 0))
            (1.8500 (0 -0.017011 0))
            (1.8550 (0 -0.017011 0))
            (1.8600 (0 -0.017011 0))
            (1.8650 (0 -0.017011 0))
            (1.8700 (0 -0.017011 0))
            (1.8750 (0 -0.017011 0))
            (1.8800 (0 -0.017011 0))
            (1.8850 (0 -0.017011 0))
            (1.8900 (0 -0.017011 0))
            (1.8950 (0 -0.017011 0))
            (1.9000 (0 -0.023464 0))
            (1.9050 (0 -0.029431 0))
            (1.9100 (0 -0.036342 0))
            (1.9150 (0 -0.044181 0))
            (1.9200 (0 -0.052878 0))
            (1.9250 (0 -0.062305 0))
            (1.9300 (0 -0.072276 0))
            (1.9350 (0 -0.082541 0))
            (1.9400 (0 -0.092804 0))
            (1.9450 (0 -0.102724 0))
            (1.9500 (0 -0.111943 0))
            (1.9550 (0 -0.120097 0))
            (1.9600 (0 -0.126847 0))
            (1.9650 (0 -0.131901 0))
            (1.9700 (0 -0.135028 0))
            (1.9750 (0 -0.136087 0))
            (1.9800 (0 -0.135028 0))
            (1.9850 (0 -0.131901 0))
            (1.9900 (0 -0.126847 0))
            (1.9950 (0 -0.120097 0))
            (2.0000 (0 -0.111943 0))
            (2.0050 (0 -0.102724 0))
            (2.0100 (0 -0.092804 0))
            (2.0150 (0 -0.082541 0))
            (2.0200 (0 -0.072276 0))
            (2.0250 (0 -0.062305 0))
            (2.0300 (0 -0.052878 0))
            (2.0350 (0 -0.044181 0))
            (2.0400 (0 -0.036342 0))
            (2.0450 (0 -0.029431 0))
            (2.0500 (0 -0.023464 0))
            (2.0550 (0 -0.000000 0))
            (2.0600 (0 -0.000000 0))
            (2.0650 (0 -0.000000 0))
            (2.0700 (0 -0.000000 0))
            (2.0750 (0 -0.000000 0))
            (2.0800 (0 -0.000000 0))
            (2.0850 (0 -0.000000 0))
            (2.0900 (0 -0.000000 0))
            (2.0950 (0 -0.000000 0))
            (2.1000 (0 -0.000000 0))
            (2.1050 (0 -0.000000 0))
            (2.1100 (0 -0.000000 0))
            (2.1150 (0 -0.000000 0))
            (2.1200 (0 -0.000000 0))
            (2.1250 (0 -0.000000 0))
            (2.1300 (0 -0.000000 0))
            (2.1350 (0 -0.000000 0))
            (2.1400 (0 -0.000000 0))
            (2.1450 (0 -0.000000 0))
            (2.1500 (0 -0.000000 0))
            (2.1550 (0 -0.000000 0))
            (2.1600 (0 -0.000000 0))
            (2.1650 (0 -0.000000 0))
            (2.1700 (0 -0.000000 0))
            (2.1750 (0 -0.000000 0))
            (2.1800 (0 -0.000000 0))
            (2.1850 (0 -0.000000 0))
            (2.1900 (0 -0.000000 0))
            (2.1950 (0 -0.000000 0))
            (2.2000 (0 -0.000000 0))
            (2.2050 (0 -0.000000 0))
            (2.2100 (0 -0.000000 0))
            (2.2150 (0 -0.000000 0))
            (2.2200 (0 -0.000000 0))
            (2.2250 (0 -0.000000 0))
            (2.2300 (0 -0.000000 0))
            (2.2350 (0 -0.000000 0))
            (2.2400 (0 -0.000000 0))
            (2.2450 (0 -0.000000 0))
            (2.2500 (0 -0.000000 0))
            (2.2550 (0 -0.000000 0))
            (2.2600 (0 -0.000000 0))
            (2.2650 (0 -0.000000 0))
            (2.2700 (0 -0.000000 0))
            (2.2750 (0 -0.000000 0))
            (2.2800 (0 -0.000000 0))
            (2.2850 (0 -0.000000 0))
            (2.2900 (0 -0.000000 0))
            (2.2950 (0 -0.000000 0))
            (2.3000 (0 -0.000000 0))
            (2.3050 (0 -0.000000 0))
            (2.3100 (0 -0.000000 0))
            (2.3150 (0 -0.000000 0))
            (2.3200 (0 -0.000000 0))
            (2.3250 (0 -0.000000 0))
            (2.3300 (0 -0.000000 0))
            (2.3350 (0 -0.000000 0))
            (2.3400 (0 -0.000000 0))
            (2.3450 (0 -0.000000 0))
            (2.3500 (0 -0.000000 0))
            (2.3550 (0 -0.000000 0))
            (2.3600 (0 -0.000000 0))
            (2.3650 (0 -0.000000 0))
            (2.3700 (0 -0.000000 0))
            (2.3750 (0 -0.000000 0))
            (2.3800 (0 -0.000000 0))
            (2.3850 (0 -0.000000 0))
            (2.3900 (0 -0.000000 0))
            (2.3950 (0 -0.000000 0))
            (2.4000 (0 -0.000000 0))
            (2.4050 (0 -0.044766 0))
        );
    }

    outlet
    {
        type            zeroGradient;
    }

    top
    {
        // Inter-valve wall region (remaining top face after patch split)
        type            noSlip;
    }

    bottom
    {
        // LV apex
        type            noSlip;
    }

    walls
    {
        type            noSlip;
    }
}
